W {0,1,2,3,4,5,6,9,18,19}
W {0,1,2,3,4,5,6,10,13,14}
W {0,1,2,3,4,5,7,9,12,14}
W {0,1,2,3,4,5,7,14,15,20}
W {0,1,2,3,4,5,8,9,10,15}
W {0,1,2,3,4,5,8,16,17,18}
W {0,1,2,3,4,5,9,10,14,15}
W {0,1,2,3,4,5,9,10,18,19}
W {0,1,2,3,4,5,10,12,16,18}
W {0,1,2,3,4,5,11,12,16,17}
W {0,1,2,3,4,6,8,11,12,16}
W {0,1,2,3,4,6,9,10,12,19}
W {0,1,2,3,4,6,7,11,17,19}
W {0,1,2,3,4,6,7,11,13,16}
W {0,1,2,3,4,6,7,12,14,17}
W {0,1,2,3,4,6,10,11,13,19}
W {0,1,2,3,4,6,10,16,17,20}
W {0,1,2,3,4,7,8,15,17,20}
W {0,1,2,3,4,7,8,10,12,15}
W {0,1,2,3,4,7,8,14,16,19}
W {0,1,2,3,4,7,9,11,14,20}
W {0,1,2,3,4,7,9,10,13,15}
W {0,1,2,3,4,7,9,12,18,19}
W {0,1,2,3,4,7,10,12,15,16}
W {0,1,2,3,5,7,11,16,17,18}
W {0,1,2,3,5,7,8,11,12,15}
W {0,1,2,3,5,7,8,11,18,19}
W {0,1,2,3,5,7,8,12,16,18}
W {0,1,2,3,5,7,8,14,17,18}
W {0,1,2,3,5,7,10,11,16,19}
W {0,1,2,3,5,6,8,12,14,17}
W {0,1,2,3,5,6,10,16,18,20}
W {0,1,2,3,5,6,14,16,17,21}
W {0,1,2,3,5,6,15,17,18,21}
W {0,1,2,3,5,10,11,15,16,21}
VERDICT: SAT {0,1,2,3,4,5,6,9,18,19}
COUNT: 35
NODES: 7174
TIME: 0.013292 s
