W {0,1,2,3,4,5,6,10,20,21,30,32}
W {0,1,2,3,4,5,6,15,16,22,23,26}
W {0,1,2,3,4,5,8,9,14,22,24,28}
W {0,1,2,3,4,6,9,10,13,18,20,27}
W {0,1,2,3,4,7,9,10,13,15,22,28}
W {0,1,2,3,4,7,11,12,22,24,25,31}
W {0,1,2,3,4,8,11,14,17,19,27,33}
W {0,1,2,3,5,6,9,13,22,25,30,31}
W {0,1,2,3,5,6,9,15,16,17,23,28}
W {0,1,2,3,5,6,10,12,17,23,25,28}
W {0,1,2,3,5,9,10,13,16,19,23,35}
W {0,1,2,3,5,9,10,13,18,22,23,35}
W {0,1,2,3,5,11,14,21,24,26,28,30}
VERDICT: SAT {0,1,2,3,4,5,6,10,20,21,30,32}
COUNT: 13
NODES: 578492
TIME: 1.814518 s
