W {0,1,2,3,4,5,9,10,16,25,27,32,42,44,48}
W {0,1,2,3,4,5,10,11,19,20,27,39,41,43,48}
W {0,1,2,3,4,6,7,14,27,29,30,43,44,46,50}
W {0,1,2,3,4,6,10,22,28,30,36,37,39,42,46}
W {0,1,2,3,4,6,25,38,41,43,44,46,51,54,56}
W {0,1,2,3,4,8,17,19,25,26,28,30,41,50,51}
W {0,1,2,3,4,11,15,17,20,23,25,27,43,47,48}
W {0,1,2,3,5,7,12,13,15,26,28,29,31,39,55}
W {0,1,2,3,5,7,10,12,17,25,26,30,33,51,53}
W {0,1,2,3,5,7,10,11,14,16,20,23,30,34,43}
W {0,1,2,3,5,11,12,19,28,35,39,41,47,48,51}
W {0,1,2,3,5,19,29,32,37,38,41,44,45,48,56}
VERDICT: SAT {0,1,2,3,4,5,9,10,16,25,27,32,42,44,48}
COUNT: 12
NODES: 1430127337
TIME: 4415.501068 s
