W {0,1,2,3,4,5,6,7,11,14,15,25,26,50,53,54}
W {0,1,2,3,4,5,8,11,14,33,46,49,51,52,59,64}
W {0,1,2,3,4,5,8,10,18,31,32,37,49,51,56,58}
W {0,1,2,3,4,5,9,12,15,19,22,25,38,39,48,49}
W {0,1,2,3,4,5,10,17,21,22,39,40,42,46,47,59}
W {0,1,2,3,4,5,13,14,18,20,22,31,36,37,40,55}
W {0,1,2,3,4,6,8,13,17,34,36,39,41,51,54,56}
W {0,1,2,3,4,6,8,16,26,27,29,33,35,51,54,58}
W {0,1,2,3,4,7,8,11,13,17,22,23,24,28,33,44}
W {0,1,2,3,4,7,8,11,13,17,22,23,25,27,31,45}
W {0,1,2,3,4,7,8,22,24,25,29,43,55,56,60,61}
W {0,1,2,3,4,7,11,13,15,23,24,34,45,52,53,63}
W {0,1,2,3,4,8,9,15,23,26,41,42,51,54,57,60}
W {0,1,2,3,4,8,10,13,17,25,28,32,49,51,54,58}
W {0,1,2,3,4,8,10,14,23,25,28,38,40,51,52,59}
W {0,1,2,3,4,8,12,19,21,25,37,39,55,56,57,61}
W {0,1,2,3,4,8,18,29,30,38,45,48,49,56,58,60}
W {0,1,2,3,4,11,16,17,37,38,41,43,46,51,58,59}
W {0,1,2,3,5,6,7,11,17,18,33,44,45,46,50,61}
W {0,1,2,3,5,6,7,16,29,32,33,34,48,49,52,56}
W {0,1,2,3,5,6,10,14,25,34,40,42,45,51,52,56}
W {0,1,2,3,5,6,10,17,19,29,30,38,44,54,56,61}
W {0,1,2,3,5,6,19,28,34,36,41,46,48,50,60,61}
W {0,1,2,3,5,8,15,17,30,36,44,46,48,50,53,58}
VERDICT: SAT {0,1,2,3,4,5,6,7,11,14,15,25,26,50,53,54}
COUNT: 24
NODES: 20751352199
TIME: 46017.081184 s
