W {0,1,2,3,4,5,6,12,13,17,20}
W {0,1,2,3,4,5,8,9,14,22,24}
W {0,1,2,3,4,5,9,10,19,22,25}
W {0,1,2,3,4,6,8,14,15,18,20}
W {0,1,2,3,4,6,8,19,20,24,25}
W {0,1,2,3,4,6,9,10,14,23,24}
W {0,1,2,3,4,6,7,10,14,15,18}
W {0,1,2,3,4,6,7,10,20,21,25}
W {0,1,2,3,4,6,7,11,17,19,22}
W {0,1,2,3,4,6,10,11,22,23,27}
W {0,1,2,3,4,6,10,13,15,17,25}
W {0,1,2,3,4,7,8,11,21,24,26}
W {0,1,2,3,4,7,8,11,13,16,19}
W {0,1,2,3,4,7,8,13,20,21,23}
W {0,1,2,3,4,7,9,12,14,23,25}
W {0,1,2,3,4,7,10,12,14,16,19}
W {0,1,2,3,4,7,10,18,19,23,24}
W {0,1,2,3,4,7,15,20,23,24,25}
W {0,1,2,3,4,8,9,11,12,15,18}
W {0,1,2,3,4,8,15,18,19,21,23}
W {0,1,2,3,5,7,10,19,21,22,27}
W {0,1,2,3,5,6,9,13,14,15,21}
W {0,1,2,3,5,6,7,10,14,24,25}
W {0,1,2,3,5,6,8,12,15,17,19}
W {0,1,2,3,5,6,10,13,14,23,24}
W {0,1,2,3,5,6,10,16,18,22,24}
W {0,1,2,3,5,6,10,18,20,24,27}
W {0,1,2,3,5,8,10,19,22,25,26}
W {0,1,2,3,5,8,14,18,22,24,25}
W {0,1,2,3,6,7,8,9,17,19,21}
VERDICT: SAT {0,1,2,3,4,5,6,12,13,17,20}
COUNT: 30
NODES: 47516
TIME: 0.125734 s
