W {0,1,2,3,4,5,6,9,14,28,29,30,33}
W {0,1,2,3,4,5,6,12,13,19,20,31,34}
W {0,1,2,3,4,5,7,9,21,23,32,33,38}
W {0,1,2,3,4,5,9,12,15,19,21,23,31}
W {0,1,2,3,4,6,8,9,12,29,30,34,38}
W {0,1,2,3,4,6,11,13,14,20,21,31,40}
W {0,1,2,3,4,6,12,13,15,21,22,30,31}
W {0,1,2,3,4,7,8,14,16,18,20,23,37}
W {0,1,2,3,4,7,9,10,16,17,32,34,35}
W {0,1,2,3,4,7,9,10,16,18,19,27,28}
W {0,1,2,3,4,7,18,20,23,30,31,32,37}
W {0,1,2,3,4,8,12,13,20,22,26,27,30}
W {0,1,2,3,5,7,8,20,27,28,31,35,37}
W {0,1,2,3,5,7,13,16,19,20,22,36,40}
W {0,1,2,3,5,7,14,15,19,21,23,34,38}
W {0,1,2,3,5,7,23,26,29,34,35,37,38}
W {0,1,2,3,5,6,7,21,24,30,32,36,41}
W {0,1,2,3,5,8,15,17,21,23,27,29,35}
W {0,1,2,3,5,8,16,17,24,26,28,36,37}
W {0,1,2,3,5,9,10,23,28,29,33,39,40}
W {0,1,2,3,5,9,12,14,22,25,34,39,40}
W {0,1,2,3,5,12,15,16,19,27,28,38,39}
W {0,1,2,3,6,10,16,17,28,32,34,36,37}
VERDICT: SAT {0,1,2,3,4,5,6,9,14,28,29,30,33}
COUNT: 23
NODES: 5854830
TIME: 15.662088 s
